20 64 19 17
1 2 92
10 15 76
13 11 31
12 19 96
12 5 43
17 3 69
17 2 20
5 15 16
11 1 2
12 16 20
19 15 24
11 14 96
10 4 99
12 19 9
7 12 66
5 12 67
3 5 37
13 16 36
14 14 16
18 9 50
6 4 56
6 17 70
4 2 35
2 2 28
11 11 50
6 1 10
16 6 100
10 4 20
14 7 91
14 4 69
4 3 21
6 8 64
3 3 79
14 13 81
10 15 11
6 16 77
13 8 4
12 9 21
18 3 45
5 0 27
7 6 91
16 4 5
19 6 77
9 18 99
9 1 50
7 16 33
12 12 66
4 17 18
10 17 99
19 19 4
8 6 86
19 15 55
17 15 9
2 8 51
14 12 83
16 19 70
15 18 34
5 2 10
6 11 67
2 14 74
14 4 59
18 18 14
14 12 41
10 1 22