50 174 34 31
5 35 5
48 29 51
37 19 57
11 36 22
32 47 46
48 16 30
1 22 25
24 8 79
6 18 45
27 4 23
47 0 81
47 6 6
40 37 91
13 11 72
44 47 34
43 17 4
10 26 24
42 15 6
18 4 89
45 23 39
49 47 63
39 24 27
40 36 48
37 41 49
1 4 2
40 31 92
13 10 39
38 4 76
27 23 22
36 28 51
37 34 30
21 29 94
1 4 12
14 7 23
13 20 28
27 38 35
14 13 20
38 22 97
5 16 12
44 7 34
14 7 89
40 26 23
36 48 49
20 1 94
26 30 63
44 24 91
13 6 84
38 13 60
18 27 94
15 29 9
39 10 18
11 28 11
47 5 32
7 21 91
7 9 26
35 33 16
44 5 44
45 9 53
7 38 2
46 30 14
3 19 9
9 46 13
30 20 100
20 36 23
17 26 43
6 13 62
26 9 33
48 27 93
34 23 19
28 6 61
30 13 82
45 46 67
18 18 53
25 24 45
28 45 39
40 18 62
30 37 97
37 39 89
19 30 11
17 1 5
11 2 97
27 14 45
18 34 87
10 1 96
26 8 93
17 48 46
3 37 23
46 3 31
41 29 43
7 31 49
24 17 25
45 46 42
20 41 69
27 7 65
37 40 39
24 7 100
14 21 86
25 7 33
38 48 44
31 34 86
49 9 85
46 44 100
13 15 15
20 13 52
44 10 59
8 39 96
13 42 80
22 22 12
21 34 62
0 15 78
6 38 15
25 17 26
10 38 8
36 36 3
13 2 30
37 43 53
36 43 69
33 18 68
8 37 57
16 22 71
9 38 87
21 26 83
4 37 18
40 30 46
32 43 35
8 14 41
30 22 58
19 38 42
44 7 93
15 27 7
49 34 24
36 24 7
6 2 92
13 4 28
21 8 84
41 33 26
31 3 75
42 42 31
24 16 44
23 30 78
23 23 16
16 19 39
26 15 92
24 12 89
17 20 83
2 21 50
5 41 90
20 21 41
28 10 37
4 29 34
49 48 7
43 38 70
34 37 85
39 16 67
44 8 10
49 15 87
2 26 42
46 1 62
27 33 5
15 8 85
41 20 81
25 46 56
25 42 80
44 18 21
24 37 17
16 26 61
12 44 25
7 9 12
35 20 5
35 21 91
7 41 43
25 11 48
2 38 90
3 34 65