80 263 3 53
36 44 1
48 28 39
24 45 8
32 37 57
78 36 55
73 78 52
35 19 88
61 4 70
53 59 52
64 72 47
51 40 37
28 37 10
57 57 51
0 36 71
40 35 89
33 53 77
56 34 73
61 17 6
73 50 81
36 34 1
59 77 77
24 73 45
71 2 6
3 1 82
15 42 81
32 26 21
35 36 97
56 1 45
60 6 12
73 75 11
16 13 83
9 24 71
30 65 76
32 48 99
53 52 72
37 37 55
55 45 32
33 36 45
36 61 2
29 40 30
78 19 15
35 9 46
58 29 65
55 52 29
59 54 7
34 2 97
64 19 8
61 31 55
34 22 48
66 72 26
27 77 4
23 50 76
42 49 18
75 71 15
66 26 1
4 74 18
24 26 59
8 25 96
21 76 86
48 35 53
65 3 90
35 22 66
71 72 57
54 74 31
35 78 17
3 54 73
59 30 23
74 66 64
69 12 51
3 31 57
61 18 100
77 56 5
23 26 62
3 56 52
35 45 33
29 33 80
13 63 31
53 66 31
40 21 86
4 69 44
75 9 7
77 37 9
4 0 2
33 79 87
17 32 60
48 69 75
20 45 23
79 4 14
32 58 49
63 2 7
52 24 16
58 36 45
51 0 39
59 28 27
49 64 43
43 78 11
18 64 99
65 17 10
8 52 4
13 54 8
24 46 26
73 25 39
13 43 87
66 50 71
4 32 32
34 4 31
65 33 40
38 28 32
67 24 64
13 53 82
44 40 29
39 7 45
67 40 65
67 23 60
72 63 21
68 32 7
71 37 62
19 55 62
12 68 45
47 34 86
24 17 90
68 25 80
54 27 74
0 49 48
15 15 40
70 47 6
64 41 48
40 4 57
69 56 76
5 48 7
3 76 11
38 46 16
56 9 5
70 50 57
51 22 13
77 73 82
25 57 55
15 50 61
17 19 27
22 57 7
44 36 60
16 13 1
79 9 44
47 37 42
48 79 32
23 40 8
36 30 88
23 2 10
45 3 16
54 24 39
11 61 66
53 54 76
27 24 18
4 46 24
3 4 36
33 3 89
51 52 88
2 47 40
56 14 93
38 72 90
45 13 41
53 76 85
39 54 78
63 62 97
17 78 63
29 10 42
31 23 69
63 74 9
76 23 54
19 18 46
7 33 94
41 18 100
22 52 97
16 69 43
9 67 86
40 77 50
15 1 83
63 57 99
48 57 47
78 54 56
28 49 40
69 79 23
7 50 94
58 16 91
60 19 87
42 73 54
8 38 9
66 25 31
24 75 6
65 27 75
69 37 30
55 39 77
17 9 74
50 50 70
79 11 82
50 16 81
30 58 2
0 48 45
14 8 29
72 73 96
13 54 13
73 61 33
10 28 42
59 57 23
1 16 45
56 27 39
38 15 73
12 26 54
47 77 37
50 28 14
31 38 71
75 25 3
12 25 92
2 54 38
51 24 70
48 10 10
22 20 56
9 19 79
51 43 84
61 1 24
39 5 42
0 7 3
67 53 3
60 75 96
30 20 15
70 18 10
6 9 34
20 62 9
30 74 13
58 12 91
0 31 51
43 18 30
70 65 87
58 39 20
33 12 74
24 19 28
40 16 77
58 72 14
77 6 50
67 78 90
43 7 47
29 0 75
33 11 3
6 14 96
29 30 58
60 73 43
29 42 83
33 24 76
1 0 90
11 48 81
5 20 5
23 60 61
49 21 63
67 68 73
27 56 16
65 45 61
78 36 89
46 53 72
76 40 89
16 76 59
73 24 94
39 14 11
44 7 69