100 333 47 40
16 60 84
55 87 44
82 51 93
42 34 63
98 4 7
1 44 42
7 94 35
45 33 37
72 91 87
84 26 95
22 41 69
84 88 63
12 82 82
13 83 85
66 43 21
99 74 84
85 37 54
87 4 28
33 25 73
53 64 24
40 87 34
66 14 83
66 29 84
70 57 83
43 26 42
64 8 95
11 18 56
88 53 46
40 97 65
80 63 83
81 51 91
15 62 78
46 37 34
32 92 94
4 53 45
7 64 29
3 2 55
45 30 33
63 16 89
88 65 32
76 78 75
25 93 42
75 73 3
64 7 84
83 23 22
96 68 68
42 33 93
76 15 28
20 97 71
56 39 29
79 9 11
40 86 89
84 57 5
40 81 55
73 82 52
73 85 18
17 25 3
76 70 38
99 12 50
57 81 41
14 39 33
24 2 82
71 38 89
38 23 4
93 8 51
31 61 73
98 64 24
92 44 95
50 37 56
75 52 95
31 50 18
9 92 42
89 85 20
83 38 21
40 67 25
14 54 78
66 65 100
3 20 94
78 96 31
50 98 36
96 90 62
68 81 66
72 19 39
16 6 34
13 68 58
89 30 37
9 1 13
74 99 17
46 54 1
34 88 31
47 45 22
73 50 34
29 22 63
31 5 72
38 61 52
61 53 53
84 43 68
79 92 20
44 47 58
96 38 63
18 94 99
71 5 13
69 7 81
72 37 32
54 6 100
69 21 83
34 44 83
64 86 87
49 16 38
22 57 94
83 83 13
58 42 48
60 66 61
43 54 52
2 61 52
81 86 36
1 19 93
27 13 43
0 55 25
52 39 94
78 44 58
60 59 88
57 37 24
0 61 55
79 24 81
72 64 11
19 56 2
26 91 60
17 32 44
43 32 66
48 88 85
44 92 1
95 34 44
31 46 69
27 34 85
47 99 4
72 82 95
71 60 21
60 59 85
43 63 5
28 47 61
90 97 93
20 71 56
74 9 95
92 88 38
56 30 74
56 9 31
96 82 16
97 89 67
31 67 23
55 11 80
97 56 8
57 85 62
29 99 82
81 41 66
18 53 35
69 82 42
97 3 1
34 55 7
53 22 73
62 92 93
54 17 32
59 62 38
71 84 58
68 25 24
49 49 56
66 9 53
65 2 75
28 73 52
75 93 69
56 72 35
51 82 89
49 57 89
97 52 66
92 52 62
98 78 65
80 26 70
77 44 32
11 92 87
53 77 70
72 6 64
18 58 72
26 10 93
82 71 22
24 90 31
99 65 4
76 21 7
84 49 89
73 19 5
74 63 28
35 63 24
37 0 10
17 17 11
27 73 11
40 43 31
91 77 86
83 16 77
66 42 71
76 38 26
6 80 62
86 67 25
53 92 40
95 41 65
44 77 33
90 13 73
2 67 38
24 49 38
69 82 61
58 56 75
36 64 32
72 9 33
12 46 94
44 22 21
93 64 85
22 8 66
48 29 75
71 78 47
9 81 93
13 96 91
41 68 17
42 67 22
45 87 49
94 86 98
70 29 21
65 0 50
19 94 92
29 2 1
18 16 28
70 16 14
65 77 59
83 55 76
65 3 13
70 63 74
22 99 79
57 15 43
53 82 71
3 39 4
73 99 32
91 97 1
54 63 9
78 54 21
44 53 35
70 98 40
3 68 86
15 76 46
40 51 91
68 20 48
59 40 88
17 98 50
62 22 90
73 63 70
91 1 46
81 99 2
30 76 42
58 65 69
68 94 44
82 64 76
7 52 22
28 6 26
11 26 39
80 69 20
97 47 94
22 13 63
13 31 74
38 40 59
42 75 93
48 12 13
58 75 53
68 26 74
27 81 73
11 14 41
5 25 84
26 83 86
6 66 72
9 18 73
88 15 3
56 7 42
39 5 98
24 29 39
90 3 39
17 11 77
19 50 37
30 63 81
0 34 72
34 72 67
56 44 30
23 98 69
53 87 68
50 89 62
3 21 59
97 32 66
73 70 19
80 91 72
30 80 55
29 54 45
72 6 33
19 61 22
47 17 90
43 50 7
50 44 21
98 59 7
38 54 32
5 10 89
33 45 95
30 46 69
32 3 84
39 26 65
84 45 9
64 17 83
98 95 30
27 56 79
35 74 66
87 0 50
52 82 85
48 70 49
32 3 11
35 38 28
18 87 8
87 69 88
90 18 91
52 11 63
50 99 8
3 66 92
19 25 56
48 9 92
15 90 40
92 6 57
72 5 66
66 60 15
0 17 33
37 96 36
12 36 89
22 85 6