345
551
30
442
1223
1610
1800
536
284
326
1769
1063
1186
964
1753
1029
1854
1161
1607
795
800
1479
827
520
93
1855
1363
316
1709
1651
1191
1383
1194
1821
1866
334
1984
1946
976
1015
1355
741
92
1153
1322
208
691
938
1134
734
387
1311
163
652
142
953
1648
34
1064
815
1726
873
661
1643
1269
734
1433
1718
1275
1078
1255
1706
199
1289
1130
742
1458
871
63
5
1692
1252
1392
818
1316
773
822
900
479
784
1848
1660
1530
359
1984
965
1467
115
943
1617
1564
364
1439
508
99
1644
36
1533
503
1865
383
617
345
472
354
1970
1349
1946
1238
1148
1166
89
23
1707
1983
1000
1340
44
375
178
1621
360
67
1221
30
1379
1231
1818
1877
1315
1228
1987
940
309
1383
1942
153
1070
1798
1529
211
349
1986
1466
978
989
1800
324
267
1124
1100
1666
1787
1101
630
759
852
1555
1315
167
1127
1779
1834
1787
936
1568
827
1032
1890
1994
1321
395
440
948
701
1394
1967
1894
1701
1191
1992
1242
1188
113
1416
1540
881
1211
647
642