1249
1831
2702
2823
2225
603
3676
3648
2497
1812
1895
751
649
3767
1906
4049
2879
4591
1199
58
4422
110
2613
3854
2116
626
2059
453
3560
1377
904
3907
1052
3983
1508
929
432
4926
27
1401
1220
3799
1829
1459
966
4543
2958
1966
2893
2711
999
1136
798
4313
407
47
3973
1922
3774
3188
3291
1296
4082
691
1265
336
182
4186
4578
635
4017
3548
1286
1258
1075
1557
424
4404
4442
1500
4354
851
1194
2755
2245
3918
4874
4103
3500
3841
3892
3250
4432
1594
4871
3792
4546
4837
4826
2100
3425
2311
3610
3778
2596
879
1718
2159
1956
283
1136
588
1091
669
3323
2427
3407
4713
397
2129
4361
2070
304
3584
2837
400
4611
845
68
2687
3716
3035
2037
4276
1871
2148
870
1986
3392
2546
2908
790
3168
2616
176
3309
2630
1035
330
3132
3739
2742
4830
3866
2082
4133
1725
1112
60
4582
4770
3361
2782
4948
3962
1546
3737
460
1662
4000
96
3009
966
306
3573
833
4743
3195
2118
2090
4793
426
3359
1752
527
1487
4768
1456
2391
4071
278
4183
1513
3876
2383
2296
2535
2458
1850
1419
16
4941
4427
1013
1220
1295
3460
866
1239
1422
102
1001
2065
1807
2612
4683
139
4438
916
3527
887
4846
937
3101
4031
4224
1805
451
3337
591
2873
2632
2198
2621
1005
143
4786
1525
1549
3382
1907
1936
1003
241
2289
3328
3538
1033
3053
3322
1089
1249
3279
3855
4657
3781
343
3279
1214
3609
4321
2528
2449
1412
4591
2667
3502
1121
1577
4354
3068
3245
426
281
1360
2739
4843
859
367
1116
4689
481
3261
2366
4581
4453
3100
370
4465
545
3527
3610
2317
4989
2651
1627
3432
500
4804
3259
3485
41
4027
3624
3774
4731
389
70
2999
2569
847
178
578
3597
462
4267
2722
3277
1061
4048
1240
3369
3795
105
133
3262
324
1787
3159
4089
3930
4693
2306
2642
2751
1769
2670
3487
1406
4802
904
3244
2529
4379
3047
3206
4993
993
3825
2296
1335
2264
2219
2579
292
1556
3820
4511
3099
1839
142
1714
1120
641
1266
2595
4660
3799
4718
4311
1620
2772
3839
1148
1576
770
512
3783
4921
61
1230
446
3777
3246
4948
1691
426
3990
403
1354
589
815
2717
3063
3436
237
3729
1610
1135
721
2640
2
922
292
2313
3287
4862
430
1620
1180
3989
3019
2338
3686
4504
3159
302
3793
39
2097
2279
2527
2949
4465
4035
4236
1918
2222
2013
701
4504
2505
1458
1653
2550
2034
3415
4833
4178
1378
1611
4973
2319
1820
3041
1877
4147
3002
2928
3702
721
640
3872
3267
1928
2090
2811
3487
3493
522
678
3671
473
4782
1391
4950
1276
741
4604
4155
4856
3201
83
809
1352
3838
4424
4253
3404
2347
1945
1303
898
3275
771
1202
3540
3931
3600
4579
2425
4082
3396
4377
4301
1532
2904
4432
3820
2996